383.2
383.2
1
383.2
20.5
1
387.1
4.9
212.437
367.6
379.3
359.8
332.5
8.8
90.7
375.4
379.3
1
340.3
387.1
1
355.9
383.2
1
12.7
164.8
1
4.9
277.089
375.4
348.1
383.2
288.37
20.5
379.3
336.4
379.3
316.9
1
336.4
8.8
8.8
12.7
1
1
153.185
352
12.7
375.4
340.3
24.4
264.117
24.4
383.2
12.7
363.7
383.2
8.8
355.9
1
4.9
301.3
383.2
383.2
260.939
344.2
359.8
4.9
150.394
340.3
1
383.2
312.521
371.5
383.2
77.1412
359.8
28.3
88.177
28.3
199.624
383.2
383.2
1
355.9
1
340.3
383.2
12.7
379.3
12.7
61.9387
1
1
217.662
8.8
375.4
1
336.4
137.5
192.1
367.6
97.0213
301.3
55.6
320.8
383.2
29.6539
348.1
316.9
301.3
363.7
348.1
297.4
20.9865
149.2
106.899
362.95
240.831
102.4
45.2201
97.7623
309.1
261.968
383.2
16.6
348.1
4.9
203.252
336.4
355.9
8.57372
328.6
75.1
379.3
11.419
1
355.9
333.576
2.83863
1
340.3
16.8886
190.459
347.698
363.7
348.1
375.4
379.3
371.5
357.485
334.186
79
359.8
98.3888
324.7
344.2
313
363.7
350.592
109.475
293.5
20.2405
59.5
213.207
371.5
336.4
4.9
4.9
319.128
332.5
40
383.2
340.3
242.8
289.953
348.1
336.926
387.1
12.5278
2.95256
29.339
359.8
363.7
336.872
265.559
316.9
1
12.7
348.1
281.112
106.3
371.811
133.6
327.766
213.179
231.1
24.4
16.6
1
46.9787
324.348
242.722
137.5
55.6
1
1
367.6
379.3
355.9
16.6
383.2
31.2207
232.592
383.2
24.4
218.176
32.2
30.5838
1
371.5
202.431
378.735
286.217
25.7419
383.2
387.1
4.9
32.2
364.664
348.969
321.335
131.015
352
325.984
363.7
149.2
1
103.309
344.2
4.9
313
20.5
28.3
289.6
344.2
367.6
4.9
176.044
1
348.1
182.777
4.9
336.4
367.6
337.151
8.8
1
352
196.692
379.3
184.282
24.4319
340.3
1
336.4
85.6631
344.2
344.2
32.2
1
131.515
1
172.188
1
1
149.2
379.3
316.9
383.2
8.8
352
383.2
8.8
289.97
383.2
4.9
153.1
297.4
330.718
325.511
383.2
58.0372
383.2
316.9
185.199
344.2
79
336.4
336.4
1
4.9
371.5
272.102
363.7
348.1
383.2
40
20.5
1
10.9273
4.9
320.8
263.872
36.1
358.92
52.8235
79
363.7
1
359.8
375.4
375.4
20.5
322.955
32.2086
391
74.8778
363.7
359.8
295.93
124.073
375.4
204.913
309.739
344.906
371.5
141.4
1
1
379.3
363.7
140.04
359.8
10.9732
155.742
141.086
1
375.4
1
213.994
317.651
1
22.1558
100.255
277.9
307.206
1
348.1
1
309.1
1
303.443
4.9
324.7
1
28.3
336.4
162.368
1
371.5
363.7
348.1
320.8
348.1
67.3
1
12.7
78.04
313
178.124
20.5
8.8
36.1
375.4
16.6
108.64
157.621
330.57
313
20.5
281.8
12.7
299.554
340.3
4.9
371.5
4.9
332.5
175.97
20.4429
16.6
340.91
19.6329
336.4
297.4
59.5
324.7
54.7368
320.8
359.8
352
12.0248
68.8725
59.5
337.651
336.4
251.921
37.5699
1
299.771
242.8
344.2
114.1
326.156
124.734
285.7
322.067
1
4.9
201.859
1
359.8
1
127.936
1
37.1492
1
359.8
90.7
383.2
56.0612
330.445
289.6
358.45
177.847
36.1
1
104.932
184.3
121.304
79.536
308.117
180.363
1
4.9
336.4
122.527
324.7
332.5
1
289.6
4.9
16.6
301.3
191.318
121.9
80.1338
383.2
1
351.91
274
1
59.8828
55.4487
1
18.9179
12.7
348.1
273.936
99.6621
1
383.2
24.4
1
67.236
379.3
371.5
278.334
383.2
363.7
12.7
1
12.6405
8.8
371.5
1
336.4
352
192.901
1
1
90.7
304.368
277.024
4.9
1
379.3
1
188.2
316.9
8.8
232.043
223.84
313
350.334
160.638
313.594
348.336
370.411
383.2
59.5239
36.1
344.2
263.617
12.7
1
258.4
320.8
4.9
282.367
114.732
136.438
4.9
20.5
309.1
352
16.6
75.3896
1
1
379.3
352.889
1
134.295
371.5
40
367.6
29.1067
121.5
85.0135
371.5
98.0035
328.6
300.537
344.2
16.6
379.3
332.5
209.269
326.085
1
20.5
367.6
362.121
324.7
20.5
86.8401
52.6184
212.142
98.7621
110.2
383.2
172.216
336.4
328.6
1
266.2
363.7
12.7
1
330.226
323.144
1
4.9
9.86577
332.5
52.9183
4.9
12.7
141.4
90.3523
1
328.6
276.249
34.7149
246.7
340.3
304.12
80.7562
353.601
55.7954
63.4
29.6159
293.5
324.7
1
379.3
12.7
71.6279
324.072
151.47
19.1124
261.426
1
70.47
1
117.895
47.8
383.2
375.4
12.7
105.952
79.6883
28.3
28.3
32.2
352
285.7
1
1
336.4
193.323
44.5012
355.9
316.9
47.8
40
211.6
76.3383
355.9
24.4
1
124.459
30.6212
274
65.9825
288.095
172.6
1
167.611
239.504
250.6
344.21
355.9
7.43056
232.826
293.5
309.536
1.19506
1
115.756
127.143
133.6
16.6
332.5
324.7
1
55.6
1
1
1
383.2
8.8
1
348.1
86.8
1
340.3
8.8
12.7
383.2
344.2
12.3041
1
125.285
40
379.3
79.53
260.404
1
229.695
40
105.628
355.9
40.3565
102.4
340.3
1
308.34
379.3
199.322
114.1
119.299
257.417
75.1
1
28.5846
383.2
150.424
359.8
1
276.05
7.14861
355.9
343.83
12.7
244.007
332.5
260.74
354.609
1
285.7
316.9
1
53.8056
332.74
32.3346
151.394
238.9
238.419
1
383.2
86.9236
100.81
67.3
1
293.495
379.3
344.2
367.6
40
11.7263
359.8
383.2
383.2
36.7478
39.6796
1
41.985
24.4
1
1
289.6
379.3
237.12
383.2
43.776
383.2
367.6
326.795
214.308
320.8
12.7
4.9
138.745
359.8
1
1
8.8
1
4.9
2.56794
336.223
332.5
205.401
336.4
81.467
387.1
375.4
359.997
320.8
1
309.1
8.8
55.6
340.3
316.9
69.8886
1
379.3
309.1
352
196
154.588
24.4
66.218
299.202
1
43.9
245.281
1
383.2
284.774
348.1
310.059
8.61267
333.112
1
4.9
371.703
141.4
258.255
387.1
316.9
139.93
4.9
352
67.3
383.2
383.2
289.6
1
1
126.445
185.411
375.4
375.4
20.5
1
324.7
387.1
306.391
363.7
304.831
336.4
210.647
1
1
322
36.1
359.8
116.717
40
1
110.089
8.8
284.677
1
340.3
24.4
77.2319
1
313
309.1
8.8
75.8682
320.8
1
30.7709
12.7
202.366
226.207
40
375.4
1
314.56
32.2
4.9
352
367.6
47.8
383.2
8.8
365.135
156.501
316.9
33.2052
40.6356
1
36.1
1
37.5471
1
1
1
126.61
210.64
120.048
332.27
24.4
349.641
1
217.654
331.244
16.0346
29.5493
1
309.183
1
8.8
32.1416
1
59.5
328.417
379.3
1
24.4
221.688
331.682
336.4
324.7
359.8
27.9641
60.6004
187.105
153.988
1
203.972
60.9986
264.27
283.093
75.1
289.361
145.27
201.904
196.407
79
359.8
383.2
106.137
383.2
246.973
177.844
1
337.292
173.786
340.3
268.807
1
42.8832
309.502
85.2412
170.685
24.4
337.059
365.088
367.378
355.9
320.8
295.448
391
273.791
4.9
379.3
248.018
1
173.127
1
31.8962
28.3
363.7
71.7763
192.1
1
321.857
12.7
289.011
315.082
201.983
355.9
379.3
107.871
10.4022
1
128.812
1
383.2
75.1
371.5
348.1
230.721
190.72
56.5297
20.5
16.6
352
12.7
359.8
1
40
355.9
86.9646
20.5
171.788
78.6752
8.06449
287.163
101.049
110.133
355.9
1
1
1
112.231
376.323
12.7
361.498
242.404
363.7
64.7602
110.443
32.2
129.041
239.836
306.725
305.2
319.879
1
320.268
1
11.686
155.188
234.591
1
213.087
324.7
302.999
4.9
276.29
131.824
59.5
19.6843
27.1655
1
320.8
1
344.2
340.3
1
200.177
94.6
26.6104
1
1
383.2
308.176
391
1
12.667
293.5
1
337.858
192.218
301.3
41.9379
278.723
379.3
4.9
371.5
100.176
355.9
348.1
118.492
250.376
1
219.467
48.3135
108.885
379.3
352
340.3
259.242
363.7
289.6
339.356
207.417
86.8
332.5
1
86.8
208.285
15.5583
383.2
36.1
178.258
4.9
355.9
46.1026
337.893
379.3
4.9
379.3
320.8
282.937
1
371.5
8.8
12.7
274.809
1
363.7
367.6
375.4
1
94.6
342.628
308.9
12.7
137.632
1
1
179.754
315.891
310.494
93.5791
51.7
8.8
24.4
20.5
69.69
227.2
324.7
331.207
321.517
4.9
75.1
147.915
1
24.4
4.9
307.754
1
375.4
123.553
203.225
63.8616
309.1
332.301
11.1737
196.236
12.7
370.404
332.5
1
359.8
308.232
55.6
24.4
1
310.682
30.0705
16.6
328.6
247.033
14.0582
289.6
43.9
352
200.935
209.354
340.3
367.6
383.2
336.4
32.0211
73.3127
111.146
316.9
333.571
363.7
1
115.965
1
90.7
92.2848
383.2
16.6
1
235
79
25.69
1
322.179
328.6
6.55847
383.2
292.432
357.681
1
348.1
40
94.6
264.267
151.881
109.854
295.059
1
333.607
383.2
165.753
348.1
118
48.991
383.2
54.3728
1
304.156
1
71.477
355.9
1
1
277.36
170.505
363.7
1
391
285.919
367.6
375.4
267.542
244.151
334.661
1
19.2609
337.783
352.032
199.9
6.80964
171.131
344.2
355.452
6.43835
305.822
301.68
363.7
1
8.8
336.091
355.9
372.229
119.193
230.271
342.25
110.065
146.287
20.5
20.5
278.334
208.464
39.9294
383.2
10.3895
387.1
1
273.813
43.4098
352
322.327
86.8
1
1
363.7
64.1799
348.1
383.2
12.7
188.126
340.3
367.6
341.189
8.8
328.6
57.6759
328.6
94.9102
1
352
311.614
281.8
134.909
1
277.9
332.5
8.8
8.8
348.1
348.712
210.125
329.799
43.9
79
184.143
1
36.1
274.462
145.3
57.3223
94.6
73.507
168.249
181.699
63.5736
316.9
48.9791
1
51.7
261.274
1
318.563
114.1
1
126.059
352
123.711
1
363.7
1
363.7
258.608
371.5
269.054
1
273.035
4.9
1
260.869
301.857
1
1
164.353
37.3726
164.8
16.6
1
352
359.8
226.211
328.6
51.7
332.5
282.481
375.4
235.718
1
1
355.9
261.061
264.275
375.4
90.7
248.038
8.8
333.931
19.5283
363.7
75.1
336.4
247.613
128.55
57.0789
328.475
320.8
1
140.713
168.7
339.564
11.9982
336.4
383.2
53.8636
1
367.6
332.5
40.3078
136.852
1
71.1264
357.813
346.254
48.0816
11.2389
184.397
168.268
383.2
290.941
379.3
336.4
367.6
361.606
336.4
75.6585
293.84
343.316
375.4
320.8
245.939
285.519
1
250.898
237.457
6.2101
12.7
320.351
314.373
340.3
1
235.036
363.7
1
367.6
1
1
309.779
95.6738
175.416
41.6695
246.653
40
149.2
99.2759
348.1
29.1272
36.7068
1
375.4
1
1
32.2
1
40
12.7
208.722
328.6
383.2
8.8
20.5
335.604
28.3
1
202.235
108.099
169.299
1
272.434
40.5555
203.241
19.5694
285.7
3.04984
43.9
67.8261
54.9062
134.237
1
67.3
344.231
348.1
371.5
336.4
71.2
281.8
320.8
47.3145
383.2
307.932
324.7
4.9
16.6
352
379.3
336.4
1
32.2
80.4069
23.5854
16.6
204.044
60.6638
336.041
340.3
285.804
66.6518
81.5829
24.4
1
49.7073
379.3
307.304
383.2
363.7
383.2
4.9
206.004
284.879
282.892
221.128
221.722
274.815
132.609
371.069
59.5
1
383.2
1
316.9
333.457
359.8
1
1
98.5
352
226.979
330.038
1.59635
371.5
375.4
28.3
172.357
19.1279
383.2
4.9
328.6
20.5
4.9
47.8
1
1
1
1
316.9
32.2
36.1
44.5373
273.136
12.1751
4.9
383.2
17.5137
231.808
188.025
337.014
311.526
206.549
383.2
47.5135
72.4131
313
363.7
317.153
12.7
67.394
327.37
4.9
375.4
240.747
332.5
333.929
161.997
367.6
124.296
367.6
1
367.6
375.4
348.1
211.762
309.1
314.175
49.6978
78.2979
1
59.8686
16.6
136.164
52.2062
383.2
84.3305
168.7
162.202
4.9
12.7
379.3
106.344
131.392
224.365
1
247.829
383.2
351.775
36.1768
308.307
336.4
383.2
321.351
150.045
234.635
1
352
28.6507
4.61867
14.3524
367.6
359.8
116.608
8.8
328.6
320.8
12.7
27.8993
355.9
20.5
317.683
4.9
180.4
78.5825
12.7
235.309
344.2
328.6
138.137
340.3
42.3096
1
4.9
1
36.1
47.5145
363.7
340.3
1
266.085
352.114
292.48
90.531
332.5
29.3944
340.3
234.167
383.2
328.6
383.2
336.4
1
1
1
331.35
1
19.4817
10.6359
336.4
219.4
387.1
6.74352
379.3
282.844
1
157
1
176.5
117.773
1
383.2
348.1
305.785
352
138.105
277.9
238.261
18.5886
285.7
246.7
290.009
6.86081
20.5
355.9
307.788
4.9
55.6
180.202
351.501
296.109
1
4.9
1
340.3
47.2421
6.51075
215.879
1
194.42
47.8
1
324.7
332.5
254.413
348.1
359.8
316.9
138.373
46.3255
4.9
1
63.6673
309.1
191.288
288.464
103.686
8.8
308.017
336.4
307.836
4.9
20.4593
203.93
291.785
59.5
285.289
337.599
1
375.4
344.2
336.4
332.268
340.3
320.8
316.9
332.5
234.462
251.965
138.615
36.1
149.686
59.5
355.9
383.2
40
375.4
347.105
28.3
387.1
51.7
273.589
340.3
1
375.4
28.3
233.906
317.178
28.3
235
1
1
66.7273
20.3461
28.0514
33.9576
320.8
1
14.6012
1
211.6
364.701
5.35683
1
363.7
108.944
51.5559
359.8
8.8
155.34
359.8
229.392
375.4
1
231.987
379.3
348.1
59.8814
115.63
103.421
250.719
363.7
5.64201
297.4
1
1
64.0358
313
1
143.135
8.8
215.85
55.6
1
200.264
236.752
24.4
1
285.029
1
313.696
172.6
57.3103
12.7
113.771
383.2
36.1
1
316.064
85.8993
32.2
332.5
116.897
43.9
278.416
297.544
383.2
8.8
4.9
320.8
12.7
375.4
1
383.2
29.7116
371.5
379.3
311.75
77.2087
355.9
68.3498
317.347
305.933
153.831
383.2
375.4
379.3
94.6
110.2
1
1
352
371.5
387.1
332.577
16.0098
359.8
279.005
283.368
383.2
348.1
188.032
1
4.9
107.213
47.8
246.7
350.988
91.5746
120.66
315.893
352
1
344.2
155.218
309.932
1
348.417
12.7
1
209.54
1
16.6
366.274
262.37
379.3
254.74
1
46.3518
371.5
313
71.2267
50.0577
1
2.19856
1
59.5
1
1
255.8
361.621
310.769
375.4
344
315.277
8.8
348.1
383.2
363.7
1
8.8
63.4489
24.4
379.3
344.2
16.6
47.8
47.8
99.253
317.979
344.2
36.1
53.5348
1
46.4344
368.353
39.4656
273.461
363.7
18.0128
55.6
168.7
347.718
352
150.914
1
19.2572
298.913
37.0376
1
167.352
301.811
321.738
344.2
315.768
1
43.9
182.857
315.057
292.412
379.3
223.498
246.7
347.473
320.8
340.3
352
8.8
1
371.5
379.3
253.956
1
15.9281
287.295
383.2
24.4
383.2
220.404
8.8
383.2
202.568
363.7
1
336.4
329.951
383.2
293.5
154.694
49.0238
13.8664
110.2
250.6
338.552
320.8
26.6626
12.7
180.42
76.7258
19.322
352
328.717
367.6
226.461
1
1
290.489
177.2
336.4
1
383.2
359.8
313
99.6685
68.9135
102.679
352
20.5
268.877
310.28
47.8
320.8
11.1669
330.898
340.3
324.7
375.4
1
379.3
29.3978
157
375.4
14.0383
1
1
379.3
20.5
1
335.162
362.154
24.4
310.525
379.3
133.6
1
1
160.9
340.3
302.259
326.052
55.6
336.4
371.5
1
163.017
275.076
120.424
332.5
72.7741
82.9
383.2
47.8
56.7806
328.6
47.8528
27.0782
1
8.8
336.4
334.742
340.3
379.3
348.1
383.2
1
340.3
332.5
173.879
345.91
383.2
342.098
1
332.5
340.3
258.4
1
8.8
340.3
1
352.515
301.3
88.8705
340.3
336.4
45.8717
259.109
122.646
320.8
344.2
340.3
250.78
340.3
270.693
242.09
51.7
383.2
323.192
16.5639
336.333
248.321
55.6
1
1
383.2
344.2
340.3
1
4.9
20.5
383.2
124.899
299.921
282.296
383.2
263.156
348.1
379.3
340.3
40
32.2
336.4
340.3
346.998
344.2
1
336.4
195.571
352
8.8
344.2
25.7806
344.2
319.73
1
177.735
313
340.3
16.6
23.0988
355.9
363.7
336.4
8.84281
297.443
340.3
48.6594
343.995
115.399
40
8.8
54.3972
51.7
1.25874
340.3
132.926
13.0663
336.4
1
330.08
31.3119
339.949
1
64.1173
26.1221
1
1
363.7
24.4
371.5
1
344.2
1
355.9
40
313.572
344.2
344.2
1
79
4.9
340.3
379.3
352
332.272
172.6
59.7409
12.7
94.6
251.67
89.9996
328.6
254.5
285.901
336.4
8.8
267.876
48.1878
340.3
344.2
227.2
1
177.62
359.8
42.1116
15.9643
32.2
1
383.2
216.708
383.2
352
311.317
265.973
4.9
63.4
324.7
136.373
383.2
24.4
359.8
290.046
71.6782
355.9
332.5
332.5
1
371.5
141.822
332.5
383.2
1
219.4
259.09
359.8
363.7
4.9
70.0298
324.7
344.2
73.6956
379.3
383.2
260.388
185.937
337.558
168.813
1
1
279.988
319.125
328.255
155.391
363.7
293.5
1
262.3
258.824
363.7
379.3
1
40
93.8181
352
1
40.314
81.3468
1
8.21974
355.9
339.657
1
328.6
309.1
227.716
347.26
43.9
367.6
8.8
32.2
1
295.112
242.8
344.2
348.873
87.8209
316.075
1
340.086
136.16
320.8
1
329.547
238.508
160.556
24.4
212.349
1
363.7
367.6
363.7
212.748
300.35
1
341.266
119.973
383.2
297.4
371.5
363.347
340.671
245.201
328.6
344.2
348.1
114.1
1
28.3
1
143.887
203.8
328.6
157.927
20.5
379.3
219.4
337.155
1
8.8
1
161.626
383.2
367.6
255.557
79
348.1
1
40.5061
256.547
28.1736
133.427
352
264.286
328.998
336.4
1
344.2
158.595
67.879
309.1
123.273
320.8
73.4674
291.328
336.002
66.9397
30.8706
20.5
60.1646
33.8584
309.953
359.8
1
340.3
166.384
138.276
342.989
325.014
220.791
1
375.4
160.39
383.2
359.8
219.4
258.479
220.932
1
272.052
274
25.3575
162.506
101.729
336.4
355.9
91.1154
154.466
355.9
135.412
184.814
247.496
285.58
73.467
281.8
321.236
348.1
352
249.247
250.053
18.826
355.9
332.5
349.036
40
367.6
76.261
383.2
59.5
344.2
204.458
336.4
28.3
46.3452
209.039
321.146
24.4
328.6
102.4
317.307
4.9
104.902
78.483
363.7
281.8
261.736
100.744
344.2
344.2
9.04959
232.103
210.581
332.5
375.4
352
149.2
328.6
4.9
4.29123
108.492
339.644
299.421
332.5
289.6
345.312
352
363.7
75.1
149.488
331.737
42.2753
47.8
367.6
133.7
90.7
138.049
4.9
66.8292
316.9
379.3
81.7758
1
348.1
1
320.8
336.4
371.5
107.131
335.98
12.7
306.569
63.4
283.293
1
340.3
379.3
352
363.7
307.175
336.4
148.386
191.064
189.736
95.5136
363.7
4.9
348.1
21.9718
340.3
237.806
359.8
49.6818
320.8
338.545
320.761
367.6
133.031
355.9
182.452
348.1
1
10.8787
71.2
383.2
36.1
344.2
344.2
314.788
1
24.042
1
332.5
237.652
348.1
314.518
1
351.523
334.321
336.4
16.6
1
344.2
332.5
383.2
363.7
344.2
348.239
293.5
106.101
383.2
88.0776
363.7
158.71
290.74
334.37
325.504
327.721
147.37
28.3
367.6
90.6379
50.2188
40
42.8437
1
28.3
1
325.029
207.493
355.9
1
327.96
8.8
1
1
383.2
1
387.1
1
127.582
24.4
363.752
1
333.362
190.828
41.1306
327.182
286.117
12.7
8.8
352
1
293.5
24.4
355.9
1
340.3
326.283
28.3
189.07
1
12.7
165.145
20.7066
340.3
190.684
293.212
59.3746
308.827
8.8
315.762
305.2
250.6
332.5
54.1899
318.541
348.1
293.733
4.9
40
338.065
240.502
274
1
79
332.737
383.2
107.281
257.454
212.034
328.6
332.5
336.4
99.9096
20.5
28.3
153.1
380.079
340.3
225.129
8.8
75.1
1
1
359.8
277.9
344.2
63.4
383.2
355.9
1
36.1
1
133.522
285.7
57.4114
163.942
51.7
73.4562
16.6514
336.4
67.3
256.48
1
292.38
355.9
56.6735
1
352
329.616
190.845
193.394
32.2
344.2
355.9
172.068
193.565
80.3248
44.7592
367.6
110.879
340.3
151.276
348.067
36.1
8.8
334.712
4.9
4.9
59.5
336.4
136.609
59.2482
89.5379
367.6
1
277.9
1
383.2
288.149
236.028
355.9
216.479
379.3
316.9
371.5
235.791
38.5288
16.6
28.498
170.518
145.989
1
106.3
1
332.5
143.166
383.2
207.7
198.325
14.2418
7.40131
305.879
1
336.4
269.948
270.1
1
8.8
163.472
321.155
149.798
306.1
150.618
316.9
88.5498
281.8
12.7
114.978
1
355.9
58.8778
290.445
297.58
9.59561
328.6
297.4
4.9
1
363.7
352.096
77.2848
157.555
1
161.862
25.1821
348.1
1
153.51
1
355.9
340.3
71.2
340.3
258.4
252.242
192.87
332.5
285.7
69.916
296.974
144.34
352
316.9
363.7
1
1
16.6
122.77
110.283
169.161
32.2
1
1
292.679
117.111
28.3
94.825
1
8.14832
202.302
8.8
320.8
287.531
7.13121
383.2
36.9315
35.1875
284.919
341.073
253.189
336.4
348.1
1
316.9
20.5
1
22.8633
242.703
348.1
125.8
101.442
75.1
328.6
335.197
72.8488
1
344.2
314.94
226.385
16.6
274
375.4
352.122
336.4
136.437
29.0838
321.744
177.792
302.788
355.9
383.2
276.586
24.4
336.4
1
1
197.867
82.9
333.456
1
270.879
359.01
367.6
309.949
316.9
46.467
168.7
1
144.693
287.713
64.3762
371.5
379.3
4.9
10.0501
344.2
1
43.9
242.977
375.4
16.9206
233.161
1
285.447
301.3
1
10.7077
58.8757
108.197
254.257
336.4
332.5
167.418
67.5284
375.4
348.763
371.5
1
379.3
289.607
4.9
125.8
267.191
379.3
132.761
336.4
8.8
90.7
328.6
274.901
305.2
111.745
46.1647
316.788
12.7
351.201
344.2
367.6
340.3
375.4
1
367.6
352
346.684
375.4
176.892
1
238.9
1
34.7241
344.2
379.3
308.707
50.513
1
332.5
336.4
292.69
383.2
54.981
14.7922
332.5
163.876
311.715
1
4.9
258.633
344.2
284.051
32.2
330.969
236.401
336.4
238.194
355.9
158.498
206.778
1
340.3
328.6
243.558
1
355.9
379.3
262.3
311.084
1
221.092
1
344.2
229.352
116.225
16.6
12.7
344.2
43.9
146.887
348.1
1
34.5481
352
179.192
383.2
217.151
1
51.7
4.9
346.98
67.3
153.191
375.4
1
123.454
8.8
61.9903
383.2
375.4
75.0585
1
91.2613
1
322.298
375.4
100.122
315.373
383.2
237.209
344.2
189.299
383.2
1
52.5501
367.6
315.331
102.581
33.5061
219.4
301.3
4.9
344.2
340.3
285.277
12.7
383.2
335.657
45.2508
355.9
324.489
69.2678
205.314
167.017
275.665
344.2
1
324.7
1
24.4
86.1063
317.513
374.105
367.6
324.7
66.8834
303.716
63.4
315.901
340.3
344.2
31.088
149.2
90.5557
359.8
1
20.2668
332.415
367.6
344.2
1
217.833
10.6016
65.0062
316.9
305.2
348.1
336.4
43.1467
145.071
289.6
180.541
12.7
332.5
101.054
129.001
336.4
151.799
348.1
63.4
352
379.3
14.3964
340.3
10.3655
318.365
27.0959
331.281
36.1
311.113
67.3
375.4
379.3
355.672
1
243.864
1
328.914
352
38.3089
344.2
375.4
336.4
50.3347
43.8911
8.8
280.581
276.482
75.1
75.1
70.2955
8.8
33.1892
1
200.933
154.775
35.3285
328.6
383.2
317.983
371.5
375.4
130.857
51.7
51.7
355.9
344.2
8.8
346.876
1
267.001
1
1
20.5
37.6262
290.969
215.5
1
221.782
339.54
63.8102
177.17
375.4
363.7
248.95
303.474
265.375
1
59.5
191.616
257.646
352
1
25.716
24.4
320.8
383.2
266.2
278.891
20.5
4.9
316.9
337.499
1
72.1921
219.526
371.5
1
64.7693
332.5
113.208
379.3
110.627
12.7
355.9
1
149.27
352
185.754
243.607
1
316.9
348.1
340.3
348.1
82.9
1
84.3414
24.6324
363.7
340.3
289.334
352
383.2
180.706
337.606
1
1
131.071
20.5
1
20.5
196.321
344.2
114.008
281
50.8155
353.553
379.3
297.4
227.616
222.339
289.6
340.3
78.6937
1
262.3
53.8706
367.6
343.839
332.5
379.3
371.5
141.589
352
352
20.5
51.7
1
12.7
193.157
336.856
250.848
28.3
352
4.9
319.335
197.886
1
153.779
1
331.47
324.7
309.832
1
63.4
371.5
336.4
4.21664
9.62332
77.2503
52.9406
340.795
1
383.2
332.5
32.2
55.6
85.6666
379.3
1
59.2189
325.601
271.154
233.769
316.9
109.159
1
352
156.77
278.352
211.433
340.3
352
383.2
1
1
336.4
27.3493
271.896
188.688
336.4
347.894
340.3
340.3
98.3608
324.7
346.758
27.8998
4.9
30.4144
231.156
299.661
270.1
45.9774
1
1
324.7
117.524
4.41061
1
380.091
293.921
352
322.614
1
28.3
51.7
371.5
1
1
337.143
102.4
341.074
238.224
352
143.666
48.4336
379.3
68.7738
201.864
44.2022
1
8.8
293.877
204.698
122.045
8.8
1
135.346
79
348.1
74.8445
332.5
70.8173
1.22129
1
70.0361
1
135.718
23.3948
