324.305
389.323
390.61
2.131
390.922
1.351
1.429
2.63953
303.436
338.682
50.6124
1
95.9159
390.922
389.869
1.078
337.335
1.975
348.615
147.559
2.56
5.4479
385.428
13.8778
379.155
32.6596
386.281
389.814
343.203
258.467
389.05
389.596
1.741
391
387.646
390.649
69.2542
357.215
7.747
20.1951
383.184
12.31
109.999
385.618
5.05213
362.263
377.405
191.04
2.989
13.9965
1.156
390.571
1.39
334.499
387.643
390.61
1.117
8.44812
386.738
53.3985
386.554
1.078
6.63835
390.571
2.872
369.142
3.106
2.17
74.6491
268.417
282.592
8.02
208.346
5.39377
380.87
204.48
384.279
1.078
16.8464
314.344
368.525
391
379.798
1.078
386.519
388.972
22.2461
389.518
1.078
1.429
43.1498
25.542
1.078
1.6818
390.532
390.727
390.766
324.797
389.908
2.365
352.312
15.2307
11.8128
103.529
1.078
47.0485
48.0537
390.203
369.927
379.575
7.92957
3.067
32.9834
2.443
263.355
10.009
37.9517
390.532
390.454
253.181
137.1
2.56
386.164
330.019
330.662
1.351
354.55
4.60548
2.46765
390.805
343.944
3.223
390.61
390.415
282.299
390.766
1.936
390.571
37.6448
359.847
3.184
1.39
32.6202
11.9644
389.723
383.59
274.538
3.574
161.658
390.454
387.841
16.3234
382.675
390.61
2.443
6.18275
389.908
390.376
111.895
300.379
81.868
24.5862
361.961
1.078
2.092
356.229
1.39
2.17
1.468
3.30884
1.078
251.294
60.4824
389.284
1.39
183.425
390.727
5.70238
280.287
390.688
286.268
13.831
5.96355
384.196
4.588
365.948
150.224
385.735
2.638
160.19
389.752
1.429
389.908
51.7154
390.298
314.849
387.568
225.589
135.377
336.536
314.066
300.538
390.415
364.57
244.577
390.571
390.727
227.377
390.688
16.5123
387.897
386.455
2.17
350.364
389.184
302.104
389.206
381.027
244.318
17.8336
5.329
325.228
390.539
387.678
390.61
7.786
391
383.561
164.006
355.582
6.85
334.227
351.798
390.883
6.538
1
3.73
201.011
5.1714
374.403
100.854
368.506
1.117
4.003
390.103
3.808
327.15
267.847
390.805
122.927
373.992
214.977
252.144
390.493
390.376
391
18.7324
9.58
381.909
17.9833
1.351
387.802
2.794
7.98396
308.383
373.734
351.522
106.487
390.727
3.262
3.067
371.533
12.3555
296.269
1.96798
379.159
389.752
388.738
2.092
15.1863
388.855
369.298
390.922
386.924
1.858
382.944
261.084
388.114
390.688
389.774
389.752
1.507
46.9793
385.967
390.649
3.925
1.273
390.298
390.259
390.181
55.6324
307.178
357.74
390.61
390.805
387.685
390.298
389.685
389.635
380.665
2.72142
122.842
79.4413
390.298
47.5138
356.842
390.532
389.947
2.833
94.2139
47.4299
388.677
379.853
1.429
5.39916
386.114
367.139
253.169
20.7525
390.337
6.4792
171.39
144.53
389.752
390.61
349.776
322.59
387.763
381.835
376.899
383.287
390.649
388.986
2.95
178.316
389.986
5.641
382.537
7.37786
1.39
379.702
390.61
1.078
1.45312
233.066
390.415
1.312
339.156
384.074
6.343
390.454
318.963
6.46078
80.8367
389.986
380.555
388.387
390.064
373.748
387.915
278.962
389.557
390.61
349.457
5.26431
390.961
389.128
169.004
389.362
389.131
4.003
1.273
338.905
1.078
2.70798
247.88
2.60554
34.4505
22.4813
6.304
128.1
9.50542
382.927
67.7351
8.839
376.666
390.142
257.973
390.025
390.181
2.85071
351.225
9.26804
390.454
390.805
390.493
390.766
388.877
92.8073
390.805
390.181
390.766
8.03419
286.213
390.22
389.034
389.986
2.17658
369.905
148.4
40.4951
390.532
6.69214
389.635
76.6537
10.6954
390.298
3.75137
2.443
164.144
167.086
60.9569
171.516
14.4
389.947
29.6517
83.0758
277.447
8.917
55.5825
311.554
390.103
81.9561
2.287
330.84
4.783
4.198
305.448
1.234
242.306
368.307
45.4549
385.324
173.153
4.94819
196.099
35.4882
389.83
389.44
389.713
1.078
390.298
46.7837
375.039
380.594
334.172
367.985
16.4161
247.615
382.384
146.128
372.426
318.439
100.421
382.331
390.126
390.109
138.035
390.298
13.519
298.91
262.441
278.682
12.2556
42.5313
158.245
390.493
390.142
3.379
6.616
390.571
34.8072
2.71971
386.888
389.674
143.399
232.318
390.337
321.879
348.126
339.759
9.541
301.203
126.34
79.0216
1.741
1.078
387.024
371.695
389.245
10.849
72.885
295.108
335.214
390.415
58.1356
390.415
16.9786
2.95
1.429
3.613
389.947
337.469
59.6763
4.12198
321.197
1.429
2.404
167.738
291.298
389.921
2.326
216.265
382.654
389.362
1.741
387.685
1.468
1.702
110.741
350.747
386.884
390.103
363.23
294.716
388.738
7.33008
235.786
389.83
1.663
390.298
2.56
2.482
378.926
288.012
131.445
386.134
1.88899
390.064
70.3533
15.6134
350.27
371.335
365.93
389.525
390.181
375.036
1.429
386.749
338.542
2.599
154.833
132.111
361.723
390.181
390.766
247.325
390.961
1.078
1.702
21.0628
383.746
381.289
387.962
5.48177
362.116
12.2307
1.96646
63.7946
106.013
1.078
5.5058
389.314
389.713
317.092
390.064
390.103
53.8703
370.822
11.6901
312.677
1.2415
71.515
387.529
1.078
390.298
1.117
286.418
2.872
389.596
389.986
386.208
387.659
390.883
1.858
3.106
347.126
2.209
1.741
390.61
348.404
19.448
1.117
253.577
66.426
3.31915
2.794
383.965
1.078
376.25
390.337
389.947
3.43148
12.5088
7.162
383.862
389.183
31.6372
64.8032
310.306
137.503
2.99514
32.1719
390.259
17.633
388.543
14.0534
383.107
7.19607
1.663
358.099
4.55809
18.3311
26.7072
390.181
2.287
390.337
390.649
2.794
1.078
11.7489
184.871
204.751
310.914
225.539
390.61
312.984
1.351
2.092
372.566
4.7734
386.671
173.78
44.2931
390.103
390.22
390.532
337.048
378.531
76.5565
6.74855
1.039
386.515
2.482
389.011
357.575
236.339
387.713
326.514
53.4385
4.70618
390.22
273.399
15.6814
390.298
174.777
154.676
10.3588
389.128
284.833
388.894
1.624
40.083
390.22
2.4945
3.94874
2.287
1.117
373.396
33.6655
386.32
1.70747
7.14953
1.975
263.02
7.435
2.443
87.4598
8.839
108.649
10.1073
388.86
11.1997
390.22
1.273
387.884
317.208
388.816
390.493
162.8
351.537
249.201
369.233
3.34
8.41
24.2949
389.791
388.894
385.633
390.649
6.5392
8.68784
331.445
342.17
3.262
384.08
255.468
358.506
17.7523
173.716
266.303
33.6356
27.0276
1.858
138.52
390.181
270.553
389.713
28.5197
215.646
2.209
9.62608
210.247
389.791
377.205
311.32
24.946
1.312
388.802
239.501
387.88
387.646
155.747
5.14196
6.733
10.867
390.22
389.167
385.735
217.601
372.321
145.42
373.819
390.571
389.167
347.879
8.40642
390.454
3.12475
1.39
389.557
89.0331
216.532
388.788
8.13628
387.336
329.331
34.4431
325.933
1.117
4.65271
389.947
295.651
4.85401
379.998
390.142
4.53531
389.713
23.9167
65.824
389.508
387.451
17.5433
158.133
380.438
301.431
1.078
263.071
3.37677
390.688
384.649
389.557
1.975
10.2802
1.663
390.454
4.861
230.335
2.482
385.501
388.729
186.346
18.3902
17.3323
5.99894
76.1801
89.117
8.01064
381.11
324.539
244.547
41.7605
335.931
11.5168
1.741
27.5363
389.486
13.5338
156.342
390.454
260.841
12.0994
344.998
390.376
96.744
52.8673
8.49658
15.5794
34.8129
59.7461
25.2748
370.763
390.571
390.688
6.8126
16.0188
28.9477
15.1679
11.8335
331.409
390.39
273.418
97.9192
118.239
292.091
82.5788
45.9862
28.9344
14.0346
107.209
103.149
13.5387
5.22968
389.069
2.287
62.3568
86.1509
2.872
27.8753
7.85202
112.156
334.565
389.596
388.153
162.085
382.857
390.337
1.741
382.006
16.7884
270.29
7.74274
349.791
366.686
10.5653
386.321
9.04368
27.7392
1.819
99.4088
214.065
390.571
105.853
389.167
389.05
1.078
203.117
390.493
369.384
71.5325
130.701
389.869
389.167
390.209
367.086
385.296
389.557
255.497
158.787
326.744
387.528
242.547
386.32
2.794
6.32461
390.766
3.184
10.8216
27.1275
96.1427
166.119
12.9097
11.3655
389.557
388.176
125.805
149.032
3.68369
390.493
6.967
20.457
350.501
390.571
1.78
2.56
390.922
369.599
2.014
389.011
12.2578
208.219
390.649
97.1248
162.064
390.844
390.493
12.4045
257.866
389.713
391
34.045
390.649
367.46
106.578
2.053
34.7832
16.3926
1.585
25.7271
388.103
390.766
299.615
1.66169
119.944
46.7018
3.925
389.674
302.912
377.701
322.019
390.181
4.627
2.48608
213.995
361.042
2.56
363.321
365.399
145.283
99.8855
3.769
274.306
356.617
268.467
21.8775
19.5078
386.615
20.4312
12.0227
192.995
64.8177
11.257
389.323
14.9166
2.248
385.735
390.025
307.94
2.56
377.029
389.011
390.493
388.465
390.259
389.947
390.649
2.16704
267.716
302.511
390.279
378.68
315.471
390.415
383.091
387.749
387.243
2.03271
193.905
13.4273
6.49332
390.571
389.142
5.173
389.011
334.336
325.577
334.466
196.123
5.16033
372.159
194.486
58.1528
257.783
383.209
2.326
20.2756
377.394
383.317
174.483
355.287
368.362
133.202
390.961
2.365
270.667
389.713
157.681
87.3839
2.17
359.826
390.313
389.752
18.399
7.35265
224.823
388.387
200.293
53.029
265.066
388.972
333.646
388.972
19.46
390.688
248.486
1.39
37.0585
2.287
2.365
2.75357
11.5852
385.082
390.113
23.6761
384.875
390.103
33.274
140.888
2.56
389.557
376.958
45.7509
1.468
324.391
1.195
14.4979
37.6153
382.147
383.863
2.833
1.39
390.22
164.436
390.727
389.531
389.401
217.126
331.311
187.759
3.262
383.597
319.129
6.80818
305.147
41.3303
7.4223
305.185
8.91014
8.527
366.915
1.117
383.974
390.064
347.509
32.7996
390.454
389.635
378.316
10.9957
378.443
355.468
296.236
389.479
221.076
262.504
168.452
371.571
30.3142
2.911
344.278
66.0288
2.326
231.043
28.5996
7.864
91.3307
389.791
390.844
112.001
390.259
389.791
390.298
3.457
389.085
389.52
63.8698
364.746
383.455
275.926
390.649
6.85
28.4287
248.452
7.50178
376.678
7.76954
45.7726
352.83
9.619
130.716
299.177
363.824
3.35601
85.6047
390.571
113.26
1.92435
387.102
356.973
389.674
14.3143
2.131
351.425
390.532
64.036
3.691
209.872
1.429
17.3786
388.855
2.92863
206.301
389.791
17.4072
14.1518
26.9718
164.776
26.3057
1.507
119.751
7.07347
14.2626
2.17
3.77603
328.806
140.986
3.34
312.081
353.341
388.816
6.5444
122.78
389.902
390.025
389.947
366.481
251.574
141.545
68.5095
19.2942
2.17
390.727
386.283
210.542
6.53867
97.1772
390.142
4.52383
362.37
15.4866
40.3871
154.613
390.571
390.415
5.19876
2.248
299.098
131.151
1.79422
153.108
388.816
55.5236
381.718
390.097
168.44
9.371
5.72776
390.727
2.53349
1.117
384.214
2.96945
40.0957
170.139
6.75825
9.76493
382.574
378.32
70.1257
390.532
388.856
8.605
27.5184
390.337
2.053
163.34
76.6846
94.1233
390.493
389.119
378.988
384.69
2.365
390.532
9.91797
271.524
1.936
390.22
390.688
389.713
10.633
388.894
133.923
2.11665
1.64996
324.618
20.4131
266.044
1.351
6.421
351.245
362.242
5.02432
184.932
96.127
51.8138
3.496
355.903
15.0494
389.947
382.8
11.645
389.401
1.312
391
314.754
73.5608
385.514
169.171
126.086
385.877
2.443
64.9642
390.337
4.22869
2.6039
1.117
6.694
2.521
1.897
389.284
109.112
4.25154
374.035
101.166
21.0842
124.581
40.2858
390.883
390.571
296.754
390.571
15.2277
3.028
70.4064
373.829
3.34
81.4096
286.821
377.018
286.419
102.307
1.975
359.998
11.42
24.2098
101.341
389.514
390.727
377.013
36.6938
390.298
278.174
389.284
93.3414
390.415
1.936
5.00252
390.493
52.0027
177.692
333.664
12.2739
46.9203
390.025
33.95
387.129
1.741
1.117
3.592
2.51373
3.57747
134.25
4.0582
373.437
1.858
1.78596
385.774
369.744
332.195
384.526
389.496
53.636
2.287
390.571
373.393
390.454
163.268
390.493
305.048
18.4816
8.08007
151.703
363.287
315.119
384.019
157.576
12.1142
6.382
1.702
12.4852
390.61
388.933
360.822
355.921
11.5732
390.649
377.608
16.9146
390.454
363.921
2.092
390.493
384.448
1.663
22.1253
356.721
279.154
384.567
304.75
1.429
10.5758
194.361
390.22
200.323
275.885
386.808
5.875
10.282
250.343
389.947
23.659
65.8436
1.858
390.415
45.5005
389.83
50.0613
388.399
390.415
1.74802
116.075
2.989
1.897
271.561
125.027
349.804
30.149
379.417
5.68
388.309
65.7317
388.75
1.195
208.805
29.7863
2.17
389.947
26.5529
116.552
15.625
29.0563
390.805
30.3566
390.377
2.638
12.7571
14.533
216.014
333.751
360.39
10.0724
1.156
79.6641
198.617
1.429
43.3103
2.404
387.252
1.117
334.167
100.851
216.486
112.453
350.408
23.8047
2.131
390.415
389.908
17.1057
7.903
292
8.36566
89.063
3.808
249.858
27.4931
17.4356
2.88361
26.8973
1.858
222.88
363.649
384.402
9.49785
389.83
89.6174
357.446
1.117
10.0147
118.994
1.507
1.507
28.0837
3.067
390.142
381.855
1.663
1.702
2.014
1.156
390.571
389.1
12.076
342.849
351.93
3.30402
338.492
11.205
174.494
389.41
2.911
6.63035
45.2774
1.78
387.763
1.273
3.91844
3.45037
37.6673
19.7819
2.248
20.26
96.4822
389.05
5.26104
19.6516
2.053
338.289
171.317
94.3815
389.785
146.563
55.3977
303.401
33.23
2.755
390.454
388.66
1.117
1.351
200.365
4.04329
2.014
2.443
2.56
390.571
383.629
11.1724
20.7064
9.07868
8.13462
11.3317
390.142
365.538
202.232
1.117
17.5981
291.482
378.432
218.963
13.3815
3.19225
384.956
375.953
5.056
1.819
5.40975
389.57
352.973
2.248
374.659
390.142
391
379.32
7.99534
2.65457
13.2721
11.452
42.1768
368.469
390.688
228.622
364.743
1.819
2.248
5.12741
4.56066
2.10298
330.619
11.2314
12.2711
3.35443
390.298
2.29847
243.116
163.518
324.152
10.516
132.28
9.63263
18.182
359.505
364.244
2.443
389.162
60.1931
1.195
13.6017
3.5635
264.706
83.5389
25.4497
322.473
355.895
1.39
9.853
390.454
90.9007
380.548
272.207
380.938
376.48
375.791
319.004
220.881
1.585
121.938
389.284
1.897
326.055
1.78
3.925
389.021
3.37284
3.38012
390.571
1.156
390.571
314.072
351.164
390.501
2.053
14.8965
2.131
2.794
315.173
389.596
390.259
390.688
5.93578
312.206
382.108
106.921
389.674
120.913
49.1813
1.897
306.621
108.251
381.914
9.18666
174.94
324.236
1.78
390.688
8.70805
390.142
390.532
1.702
389.674
22.2552
42.8839
10.1375
14.6722
306.88
2.833
48.055
2.443
389.375
381.874
8.722
47.0431
2.73319
361.063
147.868
9.58265
261.308
378.481
349.883
142.988
389.959
389.986
390.493
381.445
5.57502
8.57138
385.462
390.337
9.69068
6.8064
2.131
201.076
35.2114
365.178
6.48267
381.676
159.668
277.033
5.96111
1.663
1.117
369.246
201.07
2.59566
390.454
303.435
390.61
381.562
366.322
349.846
175.85
2.131
22.9872
361.75
104.82
30.1654
389.596
13.2104
1.34672
1.429
20.8282
2.209
330.215
82.9632
11.0722
4.37407
312.321
5.43821
390.844
150.949
7.06341
40.964
26.3829
2.248
109.406
11.852
87.8678
40.6072
337.834
317.578
39.529
367.582
130.051
389.734
390.493
387.646
5.81709
363.554
273.507
129.855
19.4028
8.44303
334.733
5.01198
305.155
287.141
198.86
119.996
29.1216
390.415
389.83
3.16616
368.204
5.93845
390.142
8.40092
383.83
220.411
383.85
31.2377
389.947
1.975
14.4973
327.234
391
390.103
296.885
388.583
184.557
9.8796
10.1552
4.0428
49.5478
294.099
255.552
40.165
383.091
363.741
313.123
384.742
1.819
3.028
390.02
3.106
9.16121
1.897
299.039
1.95872
375.166
28.8445
14.6405
266.958
1.702
108.134
390.961
6.577
2.49544
66.8182
387.666
9.72626
378.491
4.49925
388.582
21.4968
4.66115
108.318
220.381
318.67
377.048
389.323
362.503
363.234
311.624
388.738
260.802
4.35515
7.98104
389.05
320.49
307.969
339.464
14.0515
219.996
320.096
383.663
1.234
8.137
386.359
3.08285
95.691
324.353
389.391
221.17
30.6375
389.674
3.03828
19.6842
389.128
202.088
366.267
390.181
131.122
390.376
17.44
37.8772
7.66064
186.2
313.235
323.268
84.0207
293.14
5.43316
19.9947
35.6784
337.936
6.87424
104.064
355.387
67.5835
48.5784
6.889
367.789
3.341
10.6767
1.117
4.6626
10.0575
1.234
82.5153
365.791
255.482
1.85858
5.13091
364.963
135.554
2.443
19.9317
1.468
2.599
2.99805
137.232
2.56
99.5605
197.743
148.5
388.829
2.755
366.392
390.649
286.089
385.813
386.905
386.177
371.145
2.716
7.396
9.20424
375.8
387.334
2.092
4.549
2.599
311.196
2.911
1.741
87.2992
8.728
5.134
4.37546
1.156
1.43534
369.054
3.433
162.529
4.18922
390.688
92.161
195.18
387.49
5.09234
279.444
49.6708
87.809
2.131
2.34511
376.827
387.646
57.5318
388.777
8.54315
1.546
4.939
6.53902
390.727
205.71
340.987
1.858
134.784
390.727
374.647
338.986
138.904
389.557
384.169
13.9755
86.7578
13.1828
10.5337
8.56618
2.17
10.9512
375.317
11.3109
8.66015
15.9776
378.868
361.159
345.797
244.643
102.476
2.00206
149.048
345.685
8.51784
246.52
8.449
390.922
347.806
295.21
340.757
387.583
2.37217
300.427
3.964
3.30232
8.917
1.117
88.5621
376.67
289.389
272.761
2.248
390.181
80.5137
2.35188
9.307
11.7573
133.189
9.93702
249.324
271.462
2.95
390.961
24.2627
1.975
115.293
1.702
2.17
290.747
134.314
9.42016
10.009
376.687
5.19062
384.84
27.5488
202.835
378.587
2.4999
219.502
389.716
2.19764
1.702
390.493
9.47196
141.192
389.011
33.5905
9.89904
13.2724
3.67026
263.043
343.805
380.817
367.222
388.485
84.584
389.518
10.9376
6.343
89.5329
4.31982
2.521
2.092
1.936
390.376
384.215
13.5491
59.2371
383.442
225.743
10.3951
389.206
9.92963
389.479
8.29742
7.46715
119.532
2.93013
2.57406
389.362
1.78
2.0576
5.16593
367.429
10.3801
4.52109
183.702
1.078
138.284
1.312
390.532
182.859
389.011
8.37779
26.6802
371.26
9.01974
355.261
234.295
390.727
385.096
3.0872
2.365
359.497
4.12
1.819
15.1375
1.78
4.32539
1.897
214.382
4.4971
390.61
390.571
10.75
6.42545
3.184
53.553
2.57147
3.08479
1.78
234.845
3.223
2.209
377.799
182.418
387.451
1.117
173.463
390.415
2.17
270.05
371.625
10.92
361.231
3.61298
342.77
113.483
2.248
80.7765
2.56
3.886
2.794
8.51901
6.71867
6.09249
9.59178
1.897
85.2919
390.454
2.989
390.896
5.46804
9.2913
8.76073
387.122
361.595
359.266
353.01
2.014
62.3636
240.414
2.58725
380.821
338.032
8.098
37.5513
312.366
389.908
356.814
36.8399
2.48404
50.6596
390.493
7.63
5.67416
1.273
386.242
78.9266
15.7487
32.2
9.46582
1.975
1.858
7.825
14.7186
81.3227
390.064
11.335
6.47091
8.098
2.287
6.46
6.7005
9.424
8.293
57.9045
149.471
4.08614
119.026
388.075
2.17
45.9315
10.9528
4.55974
192.889
1.312
337.906
390.337
137.877
44.0318
390.922
386.739
4.744
8.67354
1.507
390.649
1.936
2.248
389.947
382.771
2.443
16.5709
73.04
9.09213
276.397
390.883
379.623
161.568
11.108
388.699
2.443
3.57774
13.207
4.003
12.8764
3.34529
2.248
3.145
369.332
29.4216
65.6508
389.05
387.568
5.251
372.649
100.861
2.56
271.862
2.053
18.6662
38.0059
2.404
153.232
30.7501
2.716
384.526
166.605
2.092
377.032
8.79493
345.733
389.908
2.014
3.07473
16.8466
35.4864
8.32982
4.71082
140.986
18.3243
215.153
160.736
251.266
389.752
389.401
382.655
42.9572
3.08165
103.067
52.2027
59.2867
390.649
5.27313
390.922
389.44
352.213
25.4831
355.87
333.069
23.4033
206.581
2.053
362.978
7.66353
15.8044
5.3068
316.347
2.9303
4.64331
19.2672
386.681
389.596
17.5382
390.805
257.958
384.02
3.66708
3.55959
157.937
2.443
7.94727
265.555
380.08
388.543
384.448
18.4864
8.75834
390.415
361.857
11.686
1.819
5.32457
11.0977
28.2161
368.783
328.9
11.686
1.897
7.55424
2.716
64.5591
11.8248
382.723
366.482
4.588
20.4998
2.248
47.1474
375.849
386.858
3.535
45.0761
2.17
356.557
4.861
2.17
369.165
2.521
389.44
12.5182
378.089
30.6477
46.927
349.492
381.835
390.883
9.424
8.36697
390.571
387.224
26.9588
2.014
13.0922
1.624
10.1699
344.753
385.636
390.298
6.18326
10.087
6.02822
390.961
21.0586
15.6263
378.397
365.869
5.407
61.3852
375.437
10.0775
38.7584
146.623
14.1114
1.156
10.438
390.493
390.454
1.79327
100.651
127.577
10.0089
3.69245
390.961
2.716
73.0539
12.4293
16.3854
244.115
21.921
390.454
2.638
364.922
14.0571
390.571
2.404
2.365
16.9918
197.062
19.5946
11.5178
14.0639
89.0901
330.072
3.38831
24.3442
2.482
158.046
14.2108
2.092
10.8185
390.727
67.6631
3.05823
1.585
2.521
6.85809
11.5224
383.89
3.59493
390.454
1.585
144.11
9.76954
379.534
5.35628
390.571
96.5398
110.115
42.4604
5.758
337.973
54.1698
314.105
98.0379
3.33828
9.51011
3.262
363.538
219.017
25.6159
1.624
2.482
1.975
55.5342
1.078
9.18105
2.794
388.373
166.439
1.936
6.5783
390.493
94.4956
6.226
390.103
55.5895
390.571
3.4715
6.60866
5.26444
4.159
2.287
12.4532
8.06004
131.702
110.277
99.095
8.42076
190.314
251.526
314.109
3.72738
1.546
4.51951
2.053
390.571
209.738
390.454
8.57066
340.132
335.222
60.647
6.772
390.493
2.599
388.362
10.6709
2.32678
3.574
31.0218
2.833
2.092
40.0428
24.0634
8.488
1.663
8.67706
353.552
4.89438
304.377
2.911
2.209
22.6786
2.092
22.5567
389.05
1.702
389.284
377.903
1.117
6.88871
1.9014
386.593
2.09947
1.351
34.8216
11.7367
1.663
390.61
133.669
200.166
388.387
12.9327
220.993
11.998
1.78
120.332
390.727
28.1034
390.532
82.2694
390.259
2.22692
19.0272
10.458
2.755
386.739
390.025
25.386
209.242
4.198
24.5956
2.599
4.783
1.624
2.131
389.381
25.1322
12.7332
387.446
9.26153
342.298
6.55619
348.84
87.4129
2.014
5.75004
65.0959
324.803
6.1364
346.842
2.755
14.1491
45.0828
93.3977
383.723
4.9
12.187
8.51031
3.106
363.159
10.34
9.151
25.5545
389.986
390.493
6.889
2.90138
9.18139
3.73
1.49066
39.181
2.092
45.0807
3.16998
3.301
2.521
386.905
7.903
15.3676
2.404
118.972
43.6253
350.766
11.686
103.854
2.26263
42.0826
355.966
9.14554
68.8967
58.04
389.309
390.922
390.142
7.162
2.989
3.301
385.618
1.78
390.883
38.323
7.162
3.379
2.209
7.82339
34.6758
41.3061
390.532
344.667
339.404
389.05
2.40571
24.1532
352.724
2.01426
390.883
390.571
5.77908
34.633
11.9476
10.9725
2.092
121.535
6.538
388.492
205.285
2.404
383.85
289.021
361.071
295.281
390.922
5.77315
1.585
2.248
389.479
2.61188
15.969
83.5921
4.61676
247.206
389.908
5.26074
57.8804
221.356
2.248
9.385
193.509
6.28439
389.869
26.3313
2.74567
63.3941
271.151
15.9594
187.221
92.3287
357.296
13.1876
8.72013
2.209
387.763
384.868
299.465
3.48656
5.797
357.388
2.60246
102.681
79.8051
4.02461
10.7247
6.7195
359.293
10.6073
13.987
179.515
1.819
5.32213
12.2378
45.5187
13.3041
5.38539
1.975
10.711
11.076
109.846
3.496
2.638
46.4268
370.051
372.39
7.24
9.346
2.248
1.39
380.944
2.79069
2.911
2.61071
3.04579
3.57315
143.084
84.022
10.5396
254.203
3.83457
1.585
1.585
205.88
2.287
4.471
1.741
1.975
36.0028
11.9204
126.864
4.77439
208.737
199.252
2.209
189.436
390.008
144.705
74.5026
389.596
12.2877
8.12039
5.953
380.381
17.2043
2.014
8.488
10.4662
4.74498
357.758
364.061
3.418
347.086
390.61
13.3546
360.03
22.0617
2.1814
4.17675
113.301
370.004
357.057
145.806
147.095
62.7443
2.248
86.2825
380.275
9.8334
14.4928
5.66544
387.828
32.041
341.418
357.086
328.713
23.1217
5.134
1.975
88.4206
9.346
388.582
126.548
101.421
2.833
362.283
108.633
85.6307
2.6461
381.991
241.903
334.526
77.3443
391
6.82983
1.858
4.44509
71.0497
6.577
170.075
43.8333
2.326
44.2967
2.599
2.404
5.758
280.203
227.471
3.50587
1.86599
5.368
381.445
12.13
23.2003
1.663
390.61
13.2634
34.6807
227.046
208.611
134.651
162.725
45.9305
31.7882
3.50852
9.40615
34.1718
333.728
2.638
29.5916
4.81297
355.121
390.103
1.117
8.91995
389.44
31.7658
8.77127
1.68022
2.38913
359.957
71.8865
353.635
375.358
6.226
142.162
389.941
61.9208
386.6
5.29
5.251
361.563
115.062
1.312
8.293
5.6238
7.20983
7.903
5.992
310.581
2.833
15.5272
21.9326
7.30366
382.706
1.585
2.49091
6.733
8.4382
390.118
2.59204
374.401
2.44322
2.989
61.6353
2.209
274.463
310.967
388.227
2.82459
66.2073
8.15853
2.17
49.7983
327.673
333.415
213.773
357.385
3.418
6.72477
361.97
314.737
1.16274
6.343
44.2158
390.688
40.709
84.9163
310.393
359.239
9.15459
389.353
14.8522
361.695
219.187
11.0389
27.2855
21.4581
386.125
2.17
376.906
23.2978
10.3617
4.354
377.022
89.7739
389.579
390.259
2.56
3.652
4.89934
2.56
40.1241
101.232
9.52521
15.8969
270.863
2.287
3.30311
14.2808
355.577
255.357
123.05
250.867
15.1216
188.412
2.131
1.078
390.142
4.53656
389.596
7.57244
2.677
37.5647
19.8351
2.053
4.9837
1.39
32.9358
234.323
154.863
376.431
1.741
121.606
22.4754
390.61
1.507
1.234
389.518
27.5781
3.47416
2.287
329.488
21.3744
93.6966
321.698
274.224
7.68213
194.838
390.922
1.858
354.5
281.776
230.156
174.59
35.2168
390.568
1.936
2.053
367.46
1.936
227.596
2.248
293.209
5.12452
376.682
162.467
11.296
75.8568
16.0017
10.8863
27.5382
1.858
244.938
390.376
35.2072
7.80878
6.52923
299.87
1.897
2.599
318.047
15.421
2.521
1.858
13.788
256.909
388.799
390.298
223.813
6.20007
9.54894
2.482
1.507
2.677
3.457
147.127
390.18
6.109
7.52547
320.616
5.22003
364.478
37.0343
10.516
3.53492
339.827
325.477
341.08
13.3007
389.596
1.93618
3.886
15.1768
2.872
10.789
310.634
2.014
2.521
92.406
1.234
2.872
1.117
191.286
386.437
220.538
372.4
2.24001
2.092
388.777
1.117
2.38552
2.326
3.28569
2.833
339.242
7.552
1.71258
389.791
75.3326
4.09861
24.243
390.649
224.617
114.149
29.9617
388.703
5.10659
390.22
1.858
13.051
3.87696
22.5594
6.39575
389.674
3.32991
390.454
2.50997
10.367
1.741
37.99
5.70961
7.82703
54.3454
22.7395
1.624
1.234
3.06412
5.992
103.209
297.842
1.351
4.74796
13.4876
5.08797
31.3589
60.4298
389.869
7.72124
2.014
390.61
207.594
162.468
110.691
208.666
349.448
390.185
18.6012
389.752
367.476
6.46
384.57
2.287
388.163
1.429
389.869
67.4628
59.1726
5.19496
298.381
368.764
39.5026
2.833
1.195
1.117
1.156
377.448
20.149
6.733
29.0547
390.103
17.346
10.9718
2.989
389.844
2.521
12.0851
97.1861
390.493
2.989
1.702
389.135
285.584
2.326
369.475
2.17161
347.631
1.585
116.153
6.616
133.205
306.937
188.489
38.6782
10.1692
390.844
2.092
36.1331
2.092
4.276
10.238
8.66723
26.9126
3.613
263.9
98.4886
1.078
13.2689
4.56414
12.2045
389.947
389.167
389.791
390.337
6.60114
324.924
366.321
384.604
1.546
240.663
390.298
337.459
3.07329
365.725
98.3566
137.756
389.947
1.4333
388.975
82.7273
379
388.231
389.83
2.092
34.1559
25.5628
56.246
6.304
7.08365
364.291
1.936
389.674
390.298
146.947
273.198
151.28
2.092
3.99994
154.118
7.00476
2.482
64.0826
19.33
5.485
7.318
42.8153
299.589
11.335
10.165
354.429
80.4154
390.337
1.897
109.167
1.663
361.829
377.597
304.026
1.078
11.14
9.65078
205.791
15.9204
390.649
2.872
1.507
350.637
86.104
4.354
16.2933
209.7
8.5775
342.815
5.99279
7.83651
35.7794
1.468
342.156
1.273
390.181
9.27901
289.259
22.2778
282.284
6.226
1.117
389.791
1.49775
2.794
