388.66
376.18
390.22
26.74
265.714
379.045
323.53
43.1986
41.56
1.78
25.96
268.449
273.775
390.61
391
28.69
6.85
388.66
2.16728
34.15
358.536
27.4622
375.649
277.553
4.51
367.99
4.12
310.636
382.42
199.541
365.106
385.93
42.0134
67.0826
17.77
389.124
1
320.202
175.284
279.351
324.987
326.201
360.19
8.02
352.39
268.665
345.743
359.02
371.384
328.795
189.259
328.965
29.08
384.37
22.84
384.76
385.54
363.7
312.684
232.723
5.29
1
382.03
31.4706
284.957
360.97
54.7452
125.638
382.675
217.11
344.178
373.06
366.4
358.24
65.35
11.92
24.7226
8.41
167.201
377.247
310.433
48.7171
386.71
1.39
372.924
207.471
13.1699
237.876
161.066
387.49
16.6
20.11
291.192
55.6884
302.083
25.383
389.83
31.4836
26.35
355.636
156.526
285.352
351.149
381.381
18.3094
369.55
101.583
366.04
210.637
256.249
387.49
4.55867
388.66
375.647
369.55
375.776
315.502
388.66
9.42224
25.57
25.3333
370.445
9.19
37.4617
31.03
4.9
77.3518
337.42
292.446
27.52
381.64
360.785
24.4
387.88
389.83
9.19
253.864
47.3267
364.87
52.9422
69.6957
349.784
11.92
368.614
271.367
391
369.94
19.2586
11.92
382.81
9.58
365.791
307.431
385.93
104.942
370.33
16.7172
125.961
1.78
355.12
373.271
19.33
364.87
126.509
368.988
384.37
279.349
285.966
262.958
385.355
9.32724
389.006
27.91
364.87
173.519
385.15
387.49
18.16
24.01
232.523
220.058
365
326.105
141.7
87.5285
187.202
375.01
120.295
8.02
28.6451
356.825
390.22
341.098
389.05
284.254
65.1227
27.13
362.53
15.43
5.29
382.821
33.76
382.03
2.17
16.21
385.54
234.081
40.3599
380.86
101.019
316.86
42.5615
22.45
95.4248
365.449
387.88
367.94
368.67
25.96
1
1.78
94.397
358.567
358.021
78.7996
371.559
390.61
386.865
366.04
37.0047
27.52
145.298
342.267
29.08
149.116
168.714
34.15
48.9142
232.289
175.018
88.5745
29.1685
235.108
364.09
30.8889
104.256
251.795
389.44
382.81
196.51
372.831
388.66
369.81
34.1866
387.49
19.72
378.13
388.27
83.8457
318.398
351.61
356.594
1
374.74
24.8491
6.07
1
362.92
19.33
351.653
4.9
342.875
324.749
326.716
255.34
34.8219
386.71
291.485
50.701
28.9837
68.9025
219.665
372.915
268.695
10.36
36.49
156.422
336.36
4.12
7.90475
9.84442
376.746
279.928
29.8274
342.634
186.283
361.75
384.76
52.746
78.561
300.213
388.27
241.499
35.5261
43.0633
334.983
66.4757
366.83
338.997
388.27
5.67731
383.2
333.258
325.54
243.922
317.534
161.467
116.795
2.17
27.9143
178.016
25.96
265.896
90.4957
34.8245
369.55
380.08
94.6823
213.535
359.436
339.124
11.14
4.51
131.343
361.394
246.687
19.72
2.95
188.128
376.855
363.898
200.296
293.177
23.23
231.997
9.97
343.254
389.05
367.284
375.115
35.9491
369.07
20.06
2.95
1
208.534
380.47
346.823
210.809
31.2394
366.04
305.26
218.732
6.46
88.5075
154.876
12.7
19.72
209.82
374.23
243.587
95.1676
67.3743
275.687
385.112
378.13
317.923
269.747
267.426
348.591
359.02
370.422
25.57
237.009
356.231
359.41
375.184
15.04
385.54
174.78
34.15
368.77
358.63
383.077
263.08
55.4643
374.62
20.5
77.4879
302.099
364.606
1
337.991
381.547
364.911
373.162
1.39
24.4061
368.195
30.64
224.719
115.58
230.003
122.193
356.914
219.549
371.11
11.53
22.84
110.688
18.0595
28.3
204.638
378.969
367.21
1
382.42
325.592
370.33
384.76
7.30416
114.071
351.22
378.815
322.326
37.5997
99.2342
352.061
375.01
210.135
280.277
126.477
337.618
368.77
389.44
300.002
62.7373
4.12
99.8646
143.484
346.284
15.4593
367.6
63.5953
307.559
89.2123
332.672
354.833
23.0726
23.62
335.435
366.43
4.56037
378.021
299.871
30.5154
257.216
94.1013
35.71
37.9859
64.0934
2.62334
267.08
387.49
8.02
126.994
67.096
1.39
341.053
285.333
319.985
372.28
14.6329
381.64
273.577
26.6592
126.786
15.82
1
2.17
363.697
5.29
276.956
299.391
316.212
373.84
43.3528
7.24
369.55
235.815
3.73
55.1203
349.267
235.172
347.71
26.2563
23.7285
85.5044
37.27
27.13
365.299
305.59
18.94
387.1
16.4664
352.511
85.0456
80.2312
323.262
30.7316
2.95
15.43
66.0144
87.6761
34.8224
162.031
184.635
384.37
364.87
26.1528
260.225
168.967
190.35
170.205
337.356
387.88
316.664
26.3805
1.78
14.9024
15.43
30.25
377.673
6.85
389.83
59.9897
366.43
10.75
161.614
88.6128
319.067
340.629
35.71
193.478
14.65
1.78
386.32
307.385
20.2031
59.9895
330.641
27.7809
31.7074
336.671
378.376
205.903
26.35
226.846
3.34
299.558
88.192
348.147
27.91
386.393
123.863
99.656
358.948
379.3
380.86
359.8
34.15
129.484
331.147
376.96
56.641
360.19
361.36
182.817
84.1068
385.54
378.91
363.7
375.01
225.518
266.414
387.1
22.84
187.009
174.592
256.504
390.22
217.183
41.752
335.062
117.035
188.987
384.002
361.75
11.14
176.531
366.775
121.452
323.276
216.228
170.263
25.96
131.086
385.93
1
367.419
51.1345
18.1412
358.034
257.995
30.8872
1.39
1.39
221.701
273.749
9.97
15.82
51.6938
367.977
136.36
110.763
42.8114
389.83
25.1033
225.433
311.15
366.306
218.81
166.71
240.376
272.917
150.367
364.87
160.834
1
17.5289
182.875
234.528
369.55
383.2
350.948
369.271
22.45
216.722
38.9405
13.87
8.62657
387.1
95.216
69.454
355.799
351.568
305.352
358.931
386.32
4.51
6.46
230.827
379.69
13.09
371.022
175.192
295.486
11.53
20.8888
235.581
18.5377
390.61
54.8648
382.912
355.415
252.534
194.327
247.295
103.855
265.713
7.75062
107.452
24.4
30.8725
216.773
50.7501
21.28
284.189
225.69
360.962
304.313
211.219
15.0915
347.414
199.603
66.645
374.62
347.32
387.88
385.93
390.22
379.3
129.968
333.339
36.4046
272.171
375.4
166.289
370.33
92.7613
107.864
42.9114
23.922
373.563
308.719
78.9786
339.092
359.158
373.84
7.24
45.7832
61.2558
29.08
251.313
1.39
3.34
7.24
300.627
390.22
179.344
5.29
294.56
87.2279
3.34
390.345
297.964
383.59
82.7361
319.332
194.273
23.4084
126.2
118.283
350.801
245.271
381.865
346.699
196.023
298.039
360.692
10.6752
341.534
67.4316
354.007
310.074
213.683
220.57
36.1888
168.804
255.696
254.862
202.713
17.77
378.91
341.711
50.053
62.3776
109.012
334.297
335.704
149.651
308.408
249.251
341.662
139.776
55.3161
82.173
375.79
370.33
368.082
258.159
388.66
12.3341
390.61
1.39
342.286
354.054
371.161
321.149
113.407
301.173
311.34
4.51
3.88439
249.388
363.202
1.78
40.813
30.6585
27.7799
376.753
388.66
388.66
21.67
60.404
207.362
379.69
125.085
256.537
389.44
336.729
34.4996
239.065
180.402
387.88
339.294
380.08
382.643
1.78
14.26
229.636
388.66
365.236
11.6024
372.81
26.3952
378.793
1.78
214.441
374.62
16.2081
1
120.861
214.061
388.66
39.2226
363.985
235.291
67.7845
385.54
41.17
291.393
234.254
362.666
176.446
31.42
363.412
387.88
26.8188
369.16
223.638
154.303
334.702
67.0256
1.78
145.563
334.925
20.89
316.224
262.461
98.8504
348.409
20.6578
10.36
381.25
204.136
40.2253
9.19
261.536
364.48
137.584
106.718
357.568
125.673
347.159
263.25
389.83
6.07
21.67
372.28
25.96
355.051
2.56
21.9607
8.41
256.919
161.181
361.86
358.929
50.046
6.736
1
14.7407
361.75
174.634
266.058
14.2138
381.73
377.755
370.72
370.47
351.61
28.7213
233.465
365.339
353.156
18.8787
350.009
142.385
349.687
59.4462
248.717
255.467
366.43
286.577
300.345
291.094
352.923
11.3921
388.66
351.219
3.34
224.842
29.652
204.271
272.891
27.5728
338.581
21.0562
129.928
365.26
381.86
169.046
273.755
85.4062
4.51
63.7255
88.3128
186.769
370.72
254.003
44.2399
9.30315
22.7409
77.9742
76.66
215.89
1.39
174.953
12.2945
389.83
363.352
384.165
32.59
22.84
356.921
16.3751
277.234
246.539
15.0615
74.2521
265.313
158.401
54.2129
200.746
308.131
26.6286
1
351.269
303.009
64.2718
6.46
56.1823
1
21.67
24.4
147.527
15.43
193.087
33.0607
372.67
309.5
32.0576
3.73
29.47
211.253
19.33
11.14
294.097
151.927
99.2058
6.85
15.82
170.048
372.28
293.226
98.894
63.2581
267.76
180.054
387.49
45.9296
257.381
379.395
20.619
169.256
1
87.9483
349.136
347.09
152.442
370.72
347.5
23.9407
69.743
254.175
2.17
300.45
65.6364
370.72
309.716
390.22
318.106
16.3744
96.9348
381.25
365.701
252.113
321.076
1
267.878
375.4
216.683
265.207
365.658
171.613
8.41
253.663
16.6
151.387
22.7378
249.872
26.9094
331.15
303.595
390.22
4.9
19.04
49.2564
16.99
226.619
151.635
304.81
200.018
311.78
351.61
46.069
119.931
11.53
188.804
301.436
221.491
19.9835
347.32
367.189
295.912
328.889
381.64
308.539
327.916
106.157
6.07
376.18
320.043
281.389
67.3456
317.325
371.885
387.107
60.2931
34.0506
11.53
378.778
85.4677
142.796
256.16
31.81
356.639
174.266
89.1307
30.9425
368.351
22.45
261.726
12.7
252.811
155.687
84.8683
19.7909
253.407
113.608
168.257
336.01
275.257
126.154
359.279
69.64
246.412
19.5772
265.151
367.21
340.491
4.88086
365.542
370.992
3.73
18.55
367.21
9.16817
388.66
30.2462
22.8241
390.22
261.98
246.811
301.669
70.6681
229.494
333.077
112.397
116.592
303.787
176.566
389.05
154.722
106.022
289.091
5.81482
360.077
38.7553
374.62
4.56945
367.21
1
24.4
4.9
14.3243
1
74.7544
244.054
382.03
97.2834
218.248
266.303
367.618
11.14
69.3781
122.734
385.93
244.14
140.042
19.997
134.451
369.005
62.9396
49.8433
31.03
9.93659
64.8364
53.4757
297.596
166.74
222.122
373.45
341.842
303.173
4.51
85.5861
230.86
378.351
223.122
363.944
179.032
62.9261
27.3194
27.9495
370.72
81.8327
232.987
341.445
184.268
2.17
16.9688
370.33
347.882
383.2
368.77
332.691
97.8014
9.97
24.1229
340.203
301.97
387.1
11.53
344.624
254.498
308.203
311.365
380.079
371.89
19.33
17.5163
352.855
125.104
85.2933
225.593
340.581
108.659
357.85
89.8823
207.004
368.77
57.7726
188.438
88.679
21.9953
22.653
78.2717
367.6
222.748
385.93
361.467
373.06
19.4072
357.823
3.34
156.561
20.5
75.3813
304.306
382.972
313.663
389.83
77.258
273.588
181.54
356.231
372.28
365.65
6.75895
309.118
179.017
331.842
282.898
251.869
10.9786
29.3897
21.8477
327.234
361.886
110.168
120.919
109.101
387.936
384.512
62.4104
79.9664
9.14209
75.6951
49.1442
142.97
14.2125
327.048
362.448
122.538
9.97
152.989
77.7518
255.275
343.461
257.014
42.518
12.4671
16.2685
175.226
219.206
250.626
196.148
22.06
3.34
333.083
326.882
151.426
376.18
257.36
43.51
2.56
359.818
346.349
180.29
353.17
368.38
359.278
24.9734
4.17581
331.902
367.481
229.687
217.645
284.319
31.03
6.46
271.827
302.953
95.0883
225.362
211.619
354.523
16.1077
353.17
21.67
65.534
152.028
351.601
121.716
39.1502
211.674
389.83
331.233
5.4585
340.971
371.396
15.82
243.462
244.629
169.956
345.841
51.2529
204.258
6.07
352.39
105.342
355.9
381.36
39.9326
21.28
321.897
322.569
264.597
63.6069
60.8708
365.02
22.1463
19.33
14.65
29.86
381.226
352.39
1
4.51
362.493
389.05
197.347
262.231
20.6133
287.651
1
12.0607
16.99
11.3392
113.068
108.46
141.201
178.029
223.932
11.2209
328.318
7.63
39.61
219.265
357.85
380.86
332.028
13.2786
129.158
249.864
105.275
163.243
4.12
264.329
277.409
8.29145
369.16
375.058
375.692
379.461
5.34309
275.15
2.17
237.928
288.248
340.57
40.3076
325.532
333.739
358.974
124.541
142.248
360.97
364.668
377.218
366.04
6.94155
1
21.67
6.46
355.098
167.816
6.46
365.65
236.111
69.1925
279.496
334.62
389.44
351.354
367.99
366.357
248.753
20.9142
120.954
82.1557
15.04
350.674
166.72
377.375
62.977
242.987
316.575
13.48
130.906
333.064
10.36
294.483
326.943
234.733
380.08
25.57
1
231.208
230.579
187.867
118.374
163.841
298.43
247.62
57.58
18.55
15.82
362.87
355.824
26.3346
92.2994
360.58
244.484
20.5
21.28
190.881
109.378
221.818
347.946
187.309
371.89
22.3926
69.7139
390.61
182.775
387.88
330.846
50.14
260.138
364.571
262.788
351.601
370.33
1
343.944
178.596
374.23
26.2065
174.467
70.3731
199.321
26.74
86.259
372.67
348.445
184.87
344.329
347.291
8.02
32.6243
32.98
24.01
12.6974
390.22
73.077
343.529
338.283
147.595
4.12
6.46
374.36
38.5751
306.135
131.782
8.02
261.58
355.692
110.175
371.89
169.804
50.4545
369.16
261.626
45.7966
29.08
305.14
50.1285
231.298
13.9213
339.09
46.851
70.6676
379.69
131.197
319.519
377.534
55.0503
373.84
13.48
2.95
177.429
294.148
16.4938
138.867
4.60379
331.172
124.687
53.4924
140.886
350.615
1
173.619
55.4311
300.603
235.082
102.893
1
1
345.442
307.265
84.8733
358.149
371.146
43.2501
68.2825
33.9465
26.6709
387.49
15.522
16.99
379.19
46.7401
286.082
48.19
388.66
84.0094
85.7743
191.717
314.881
187.021
346.386
260.25
214.382
1
16.99
293.066
156.594
4.3732
1
180.891
173.088
193.516
89.7034
1.39
346.47
370.295
1.78
388.27
350.174
8.8
142.05
42.1186
368.38
233.256
13.09
250.161
8.02
372.28
355.45
4.9
15.43
89.6648
9.58
121.164
170.229
21.67
8.41
355.015
13.0292
372.72
108.766
127.153
371.5
11.8575
224.666
117.229
11.14
4.51
348.114
385.54
125.445
282.566
168.858
350.44
13.87
285.251
378.52
25.5779
4.51
82.2635
310.92
208.319
31.6058
11.2698
1
279.809
170.722
10.36
87.4259
120.299
325.464
11.0298
357.611
151.524
233.837
360.588
244.292
368.707
366.82
362.756
102.605
1
2.17
8.20519
362.245
337.094
307.023
26.35
368.534
20.11
43.7887
180.847
5.29
355.721
298.023
35.4417
123.842
194.819
299.024
30.7247
11.53
2.56
371.89
373.45
42.6913
336.767
311
323.488
378.52
4.51
68.229
79.5509
363.439
221.016
138.484
126.742
18.8096
351.095
328.291
78.0405
59.1781
348.159
31.0551
317.148
94.2868
305.2
5.15717
25.4193
131.09
178.677
41.7936
361.157
254.365
366.488
63.343
372.28
2.17
227.044
10.36
18.94
211.588
26.918
1
229.102
4.9
59.2153
259.354
1
2.56
156.383
232.391
9.227
98.3732
346.272
58.8258
364.09
363.64
212.624
330.966
11.53
146.549
388.27
49.4305
357.85
65.0333
373.225
13.09
9.58
332.41
281.461
249.83
256.239
96.4944
9.85812
39.7537
378.13
388.27
26.5002
364.763
11.14
137.271
82.0122
6.46
4.51
345.154
119.56
255.654
104.984
356.81
13.35
55.8434
10.75
167.915
20.6659
97.6668
367.79
358.92
378.163
24.01
85.0709
372.67
260.863
13.48
317.68
306.952
228.601
216.582
374.62
386.71
229.584
21.6679
298.326
122.872
278.662
345.102
11.92
8.02
373.45
362.53
173.383
329.798
18.8664
9.97
6.46
23.62
318.919
363.31
17.38
363.557
4.9
315.928
1.01751
390.22
357.365
62.1356
291.4
352.462
15.1028
1
389.83
274.845
206.45
357.844
4.51
47.3431
2.95
175.001
80.17
387.88
92.9524
1
254.263
383.98
261.316
195.162
32.4215
363.7
336.318
382.692
153.002
363.04
19.6459
333.158
355.485
357.886
25.96
359.781
357.07
381.115
366.82
20.4682
207.084
46.4171
367.456
372.28
338.369
333.122
1
222.083
349.237
223.265
163.594
181.379
325.681
207.705
341.47
1
273.589
301.821
302.205
276.721
96.7143
44.2474
368.938
32.9245
108.848
301.308
345.76
348.101
364.682
261.459
383.2
370.289
306.776
107.451
10.6536
1.78
203.224
364.48
2.17
58.3547
321.001
76.8168
267.951
123.014
146.377
136.817
80.8632
371.11
371.5
375.4
6.46
2.56
109.822
24.2542
273.092
313.265
388.27
172.996
4.12
2.95
3.34
125.106
211.773
1
3.73
304.885
13.3595
340.717
387.49
333.704
139.219
1.30798
367.671
131.672
264.944
368.77
205.092
316.51
321.444
340.58
386.71
349.689
364.09
361.386
327.529
13.8473
201.002
40.6491
9.97
278.651
13.87
6.17668
341.113
3.73
375.735
18.94
158.612
2.95
363.96
110.17
2.56
304.112
222.36
333.391
4.9
137.581
262.839
287.924
302.346
2.17
328.817
33.9063
63.7124
61.318
315.088
99.565
238.672
297.297
73.2078
312.443
38.882
234.071
209.445
6.85
17.993
95.8843
358.735
205.465
387.49
8.41
325.145
255.214
383.703
276.789
25.57
1.78
266.008
330.909
350.393
371.89
194.943
358.943
4.29465
69.2652
32.2
15.82
364.09
5.29
386.71
361.36
17.38
222.444
229.183
370.33
14.65
354.73
129.195
266.135
1.40693
379.69
374.62
316.783
187.539
1
207.905
334.167
15.04
340.671
314.36
298.523
67.7161
25.7552
17.8126
290.225
311.489
370.72
23.7915
206.318
116.802
363.31
16.5298
153.041
387.88
217.089
6.46
81.7422
371.5
370.33
343.655
370.33
186.578
227.608
239.065
11.53
372.67
197.655
130.136
241.755
193.538
13.48
373.84
349.805
370.33
247.848
255.089
346.93
40.3572
319.54
26.7493
230.299
352.042
300.264
136.191
43.8835
4.51
351.497
189.159
358.63
106.875
252.536
340.537
45.0752
383.59
375.493
373.84
19.4361
332.967
2.95
245.921
165.917
214.708
52.1479
95.1346
370.72
284.44
16.6
130.615
226.913
355.642
16.3739
326.045
369.16
365.458
199.714
346.935
152.107
43.6947
76.3183
343.97
356.164
323.656
265.678
65.2751
4.09448
256.82
380.47
40.6732
259.313
358.63
45.2816
307.996
15.5908
31.0416
1
153.654
3.73
345.028
1
384.76
299.865
367.115
345.395
330.883
17.6486
39.61
311.173
380.86
1
1
119.796
308.952
361.653
303.47
378.071
357.734
61.8401
357.656
151.918
356.68
181.046
305.765
357.85
303.638
85.5283
365.898
122.078
29.47
144.112
62.62
370.266
1.39
217.047
318.736
186.843
168.489
274.969
255.389
284.06
1
361.571
1
273.006
62.6638
266.537
384.932
389.05
343.082
25.3466
125.518
370.33
1
261.036
281.568
166.984
334.794
307.265
304.597
304.713
98.1729
29.0053
354.79
376.18
364.711
212.681
10.75
75.022
312.283
38.44
233.295
71.9725
297.842
388.27
13.87
33.37
252.504
390.22
346.31
104.503
27.593
14.8418
138.28
370.72
367.6
277.853
125.588
324.198
1
352.828
5.68
224.531
348.559
317.704
43.0698
66.4243
278.789
371.11
222.985
298.168
57.9824
390.22
382.81
9.18785
177.452
202.564
36.88
1.78
160.354
222.233
371.5
171.318
382.604
349.529
93.1706
313.813
6.85
227.396
29.47
4.79478
338.535
181.972
358.694
371.11
107.355
365.26
222.117
1
312.208
299.679
10.36
370.022
180.471
389.44
201.707
205.941
40.5348
12.7
353.285
220.064
367.683
313.855
24.3665
275.248
20.11
372.751
24.8068
350.05
280.959
8.55353
199.697
288.297
341.08
48.5278
1.78
203.359
320.366
59.3238
280.75
7.14047
364.116
113.721
205.622
338.524
19.33
148.499
75.5433
379.202
369.262
369.582
372.995
372.67
290.588
157.545
389.83
291.599
154.219
44.7105
388.66
386.71
358.83
375.4
1.39
372.28
338.494
371.11
174.686
17.77
379.354
221.319
342.689
316.629
264.741
381.587
219.904
387.1
265.899
213.817
4.9
345.894
187.779
101.634
361.742
238.948
351.454
28.69
158.606
385.54
36.3675
224.392
360.19
86.1863
235.853
360.58
147.252
4.12
35.4265
364.703
206.513
219.785
212.778
44.0601
348.556
333.522
54.1219
371.11
219.934
131.866
19.0455
373.262
250.293
226.689
368.77
333.567
32.0945
13.6392
131.581
310.854
256.331
28.4898
142.373
337.275
342.427
369.182
273.205
378.91
25.0656
225.016
306.395
45.3896
371.89
24.7636
354.595
348.632
51.2011
310.905
34.15
372.28
374.23
304.662
373.84
4.60543
363.31
62.23
363.31
221.831
377.543
46.6488
383.59
361.624
48.1551
273.025
219.178
314.422
246.807
354.73
384.37
86.5982
11.53
110.98
207.397
15.9758
244.603
42.9351
306.313
204.469
154.046
15.43
10.36
377.111
375.01
95.6031
16.21
365.205
6.07
326.35
102.648
112.102
28.2489
373.84
351.45
361.75
289.643
24.8762
375.01
223.917
52.2825
115.888
363.561
211.539
165.089
236.052
80.506
286.232
11.041
117.667
354.806
3.73
289.03
134.662
119.704
43.5201
327.387
338.425
138.569
341.064
212.749
328.851
330.126
275.535
2.17
295.974
364.87
300.744
26.6065
159.114
43.9968
2.17
346.143
178.242
181.38
1
43.7903
293.043
5.68
36.0919
363.073
325.578
383.2
338.951
19.8473
274.392
369.123
231.41
317.703
389.83
372.28
110.816
8.21558
4.20963
85.5959
17.77
383.98
1
346.41
379.323
333.477
23.62
156.375
138.283
101.514
333.108
352.159
1
7.72506
370.519
33.2244
237.627
2.95
347.056
240.321
48.19
371.11
338.61
353.921
364.248
69.5455
3.34
2.90997
285.15
40.0073
278.785
8.02
360.509
374.62
361.36
1
10.36
375.868
6.46
112.086
309.008
352.892
35.32
27.6693
163.649
377.35
1
7.24
364.48
7.91625
66.8649
239.807
326.427
109.454
2.95
66.0103
154.233
1
96.4844
34.9679
328.825
372.19
368.38
365.26
318.71
24.79
9.58
210.988
29.86
53.9905
13.48
48.1911
1.39
367.672
247.396
30.64
33.9381
371.89
9.10406
359.782
152.469
213.242
24.9184
373.617
22.6125
11.7129
34.93
367.6
373.84
101.229
371.89
7.11053
365.382
200.666
252.786
348.49
369.94
369.94
102.44
174.968
99.3428
53.0364
350.05
189.413
245.476
6.46
54.7203
349.66
376.033
12.6057
22.45
8.41
344.998
146.89
319.061
170.906
234.338
385.781
1
10.1608
51.1663
259.18
352.562
225.943
19.1787
3.73
184.15
10.3663
32.98
27.91
333.511
369.16
365.711
213.674
103.57
22.45
167.972
367.127
389.83
177.361
185.99
363.635
1
11.8343
351.625
285.038
95.77
45.8901
369.272
8.05297
156.872
251.981
132.994
26.74
357.642
105.265
339.134
146.96
373.06
352.695
359.029
350.966
207.53
358.628
1
1.39
4.9
337.526
284.783
9.97037
357.07
320.388
35.1598
302.632
373.26
390.22
384.319
306.377
339.403
38.5415
333.079
1
389.05
292.649
2.17
11.92
152.072
302.147
34.2879
38.2866
22.45
8.02
17.38
193.262
6.75864
252.602
76.5211
6.85
232.058
343.371
17.7693
325.553
26.1268
330.952
38.2197
376.57
314.579
352.956
1.39
371.5
58.209
5.092
49.8446
242.005
209.576
121.991
28.3
83.0224
278.858
346.765
142.269
10.863
318.432
67.9692
275.524
362.478
248.652
206.795
107.819
3.34
13.48
357.932
13.48
362.406
385.817
352.576
65.6913
369.906
336.175
323.817
362.627
369.94
246.974
294.133
370.72
200.909
253.691
335.05
17.9411
321.158
367.865
275.658
29.1271
258.785
390.107
334.898
354.242
340.604
5.29
244.4
223.285
322.471
221.75
1
363.428
340.62
330.561
339.516
114.883
5.37522
356.865
326.715
355.067
376.96
206.532
339.513
305.784
335.19
366.04
90.7467
1
375.4
32.3655
164.195
334.616
133.192
69.4132
359.175
3.73
1.39
327.397
297.641
19.33
1.78
1
322.953
360.19
8.6625
355.9
343.983
42.5417
352.88
355.813
205.316
10.9777
64.6202
373.45
294.267
56.2891
388.66
20.7618
290.032
107.332
7.77424
109.635
1
360.97
1
341.73
262.275
141.692
293.803
64.5529
269.844
220.317
42.0084
30.9015
12.31
22.45
284.011
35.3994
81.3584
1.44744
162.815
102.801
20.89
139.238
328.111
1
13.5858
115.029
377.967
217.933
15.6556
322.484
102.268
238.314
9.62508
1.07717
370.33
13.0863
3.73
379.843
184.734
350.459
9.19
367.99
323.765
143.439
360.58
368.02
325.946
12.9011
372.28
377.74
194.792
374.62
232.492
302.498
233.249
112.979
303.835
6.46
279.147
249.973
4.89454
57.378
388.66
341.976
336
302.269
223.071
204.403
148.185
27.9214
296.725
355.227
344.727
11.92
49.36
19.7098
347.331
192.965
351.976
362.902
111.151
30.8134
250.705
355.51
373.84
42.207
371.89
134.826
1
317.131
288.399
41.0919
6.02251
160.615
363.799
78.3887
251.578
186.57
11.0445
351.218
1
51.9049
366.564
252.234
230.9
364.48
389.05
329.521
371.5
197.027
38.2654
1
330.187
293.658
1.39
132.271
93.826
16.99
352.986
7.63
50.5168
16.798
9.31071
1
4.51
253.598
364.725
174.053
208.351
94.7285
276.385
368.151
309.029
371.89
141.981
165.579
381.25
20.89
296.134
33.9764
369.71
164.045
259.539
10.36
280.791
357.756
369.439
213.652
284.14
346.54
365.873
327.088
27.7695
84.1309
390.22
389.05
51.3761
33.3992
58.7047
2.17
106.95
322.503
57.3947
357.07
360.766
7.24
1.78
75.2554
355.832
2.17
385.446
109.702
292.019
1
4.9
368.38
111.37
247.1
1
1.78
376.422
18.3486
207.029
77.8539
31.5183
39.6191
42.9736
366.43
370.46
358.026
336.69
5.29
24.01
325.457
340.57
233.201
17.77
362.417
385.15
12.31
320.942
33.6105
389.05
360.19
343.269
345.326
320.466
68.5566
389.44
257.268
237.884
305.738
312.027
373.84
222.308
284.075
177.901
211.927
352.645
255.795
1.39
1.78
167.43
31.81
374.23
351.61
77.1064
353.01
363.672
356.56
11.53
389.83
20.11
341.026
379.69
13.0324
260.131
143.62
337.57
158.541
266.405
387.88
370.33
336.944
329.058
29.6745
356.12
288.765
390.22
389.83
390.22
154.14
108.762
7.63
326.835
155.26
266.951
372.28
16.99
351.61
222.014
375.642
264.689
378.588
153.836
320.02
34.4687
186.721
344.586
9.30689
2.17
7.97433
1
211.706
59.526
154.182
373.131
356.421
214.574
284.168
362.7
270.222
221.461
93.3834
382.074
40.9025
333.28
246.439
227.372
51.1625
117.683
1.39
206.442
110.703
179.157
63.9796
390.22
360.965
366.234
26.0535
5.8688
76.0734
380.08
147.013
5.29
262.65
36.592
24.01
276.309
272.48
4.76123
298.813
383.061
34.5224
1.39
30.0525
31.4786
240.08
310.872
342.996
60.5244
14.4926
34.8183
49.4354
356.215
70.1141
16.21
310.452
281.802
368.727
253.333
363.335
138.092
337.635
323.251
22.6009
70.3511
365.65
2.95
12.31
330.668
387.1
386.32
82.5765
6.578
155.513
78.4316
100.711
362.257
211.333
252.545
371.023
1
371.11
151.595
28.6447
365.165
270.202
25.2157
2.95
375.01
28.3
2.56
1.80747
348.35
194.927
267.221
198.54
29.6928
1
389.83
344.848
2.95
320.115
126.19
6.85
312.969
20.11
198.001
366.059
322.392
304.303
357.163
372.987
362.53
347.105
368.791
372.599
348.1
330.528
36.5959
374.62
259.883
79.4487
154.374
380.475
12.644
359.8
390.22
2.17
226.661
385.93
364.699
180.658
322.584
377.74
284.494
225.723
139.972
206.636
274.053
179.468
1.39
1
390.22
170.719
261.375
372.28
1
186.638
196.019
373.399
51.0487
268.181
384.37
241.325
378.13
83.6084
286.611
206.568
44.2618
194.878
280.178
276.174
18.7122
171.593
388.66
2.56
337.218
377.051
385.458
307.389
214.769
246.887
97.1938
152.013
4.12
19.2688
389.83
133.646
373.991
343.971
116.612
272.534
280.619
369.16
1
336.299
345.066
295.084
11.9293
290.162
109.251
228.867
116.464
102.414
159.498
34.54
7.63
283.047
370.33
309.704
378.677
54.8866
286.256
231.167
243.358
92.1425
93.2826
9.10358
270.605
